% h1 =
% 
%   logical
% 
%    1
% 
% 
% p1 =
% 
%    1.4241e-04
% 
% 
% e11 =
% 
%     0.1852    0.1429    0.2857    0.3214    0.3214    0.1852    0.1852    0.1481    0.2593    0.1481
%     0.3333    0.1786    0.1786    0.0714    0.1786    0.1852    0.0741    0.1852    0.3333    0.2963
%     0.2593    0.2143    0.1786    0.2500    0.1071    0.2963    0.1852    0.2593    0.1481    0.1481
%     0.3333    0.3214    0.2857    0.2857    0.2500    0.2222    0.0741    0.0370    0.1111    0.2222
%     0.1111    0.2143    0.2500    0.1786    0.1786    0.0741    0.2222    0.2222    0.2963    0.3333
%     0.1852    0.1429    0.2500    0.1071    0.1786    0.2593    0.1852    0.2593    0.2222    0.1481
%     0.1852    0.2143    0.1429    0.2500    0.1786    0.2222    0.2963    0.1481    0.1111    0.2593
%     0.1481    0.2500    0.1786    0.2857    0.1071    0.1852    0.2963    0.2593    0.1481    0.1481
%     0.2222    0.1429    0.2143    0.2857    0.2143    0.1481    0.1481    0.2222    0.2963    0.1111
%     0.2222    0.3214    0.1786    0.2143    0.1786    0.2593    0.1852    0.1111    0.2963    0.1481
% 
% 
% e21 =
% 
%     0.2963    0.3214    0.3214    0.3214    0.3214    0.2593    0.3333    0.3333    0.3704    0.3333
%     0.3704    0.3571    0.2857    0.2857    0.2500    0.3333    0.2963    0.3333    0.3704    0.2593
%     0.3704    0.3214    0.2500    0.3571    0.2857    0.2963    0.3333    0.3333    0.4074    0.3333
%     0.3704    0.3214    0.3571    0.3571    0.3214    0.2593    0.2963    0.2593    0.3333    0.3333
%     0.3704    0.3214    0.2857    0.2857    0.3929    0.3333    0.2593    0.3333    0.3333    0.4074
%     0.3333    0.2857    0.3571    0.3571    0.2857    0.3333    0.3333    0.2593    0.3333    0.2963
%     0.3333    0.3214    0.3214    0.3571    0.3214    0.2963    0.2963    0.2593    0.2593    0.3333
%     0.3333    0.3571    0.2857    0.3214    0.3571    0.2963    0.2963    0.3704    0.2593    0.3333
%     0.3704    0.2500    0.3214    0.2857    0.3571    0.2593    0.3333    0.3333    0.2963    0.3704
%     0.2963    0.3571    0.3571    0.3214    0.3214    0.3333    0.3333    0.2963    0.3333    0.2963
% 
% 
% h2 =
% 
%   logical
% 
%    0
% 
% 
% p2 =
% 
%     0.0532
% 
% 
% e12 =
% 
%     0.1481    0.1786    0.2500    0.2143    0.2500    0.2222    0.1111    0.1481    0.2593    0.1852
%     0.1852    0.1429    0.2857    0.0714    0.1786    0.2593    0.1481    0.2593    0.1852    0.2222
%     0.2222    0.1786    0.1786    0.1071    0.1786    0.2593    0.2963    0.2963    0.1481    0.1481
%     0.2963    0.1429    0.2500    0.1071    0.2500    0.1852    0.2593    0.1852    0.1852    0.2222
%     0.2222    0.2143    0.1429    0.1786    0.2500    0.2593    0.1111    0.1852    0.2593    0.2963
%     0.2222    0.2143    0.1786    0.0714    0.2500    0.1852    0.2963    0.2222    0.1852    0.2963
%     0.1111    0.1429    0.2500    0.0714    0.2143    0.3704    0.1481    0.1481    0.2222    0.2963
%     0.1481    0.1786    0.2143    0.2857    0.2143    0.1852    0.2963    0.2593    0.0370    0.2222
%     0.2963    0.1429    0.2143    0.1786    0.1429    0.2222    0.2593    0.1852    0.2222    0.2222
%     0.2963    0.1429    0.2500    0.1429    0.2500    0.1852    0.1852    0.2593    0.2222    0.1111
% 
% 
% e22 =
% 
%     0.2593    0.2857    0.2857    0.2500    0.1786    0.2222    0.3333    0.1852    0.2222    0.1852
%     0.2222    0.1786    0.3214    0.2857    0.3214    0.1852    0.1481    0.1481    0.3704    0.2963
%     0.3333    0.1429    0.1071    0.2500    0.1429    0.3333    0.2593    0.3704    0.2963    0.2963
%     0.2593    0.2500    0.2500    0.1429    0.1786    0.1481    0.2222    0.4444    0.1852    0.3704
%     0.2222    0.4286    0.1429    0.2143    0.4643    0.1481    0.1852    0.2593    0.3333    0.2593
%     0.2593    0.2857    0.2143    0.2500    0.2857    0.1852    0.3333    0.1481    0.2593    0.2222
%     0.1852    0.3214    0.3571    0.2143    0.2500    0.2593    0.2222    0.1852    0.2963    0.2963
%     0.1481    0.2143    0.2500    0.1429    0.2143    0.2593    0.2963    0.3333    0.2222    0.3333
%     0.3704    0.2500    0.2143    0.3929    0.1429    0.1852    0.2593    0.3333    0.1852    0.1481
%     0.2963    0.3214    0.2857    0.1429    0.3214    0.3333    0.2593    0.2222    0.1481    0.2593
% 
% 
% h3 =
% 
%   logical
% 
%    1
% 
% 
% p3 =
% 
%     0.0034
% 
% 
% e13 =
% 
%     0.2593    0.3571    0.2500    0.2500    0.2143    0.2593    0.1481    0.1852    0.1111    0.1852
%     0.2222    0.1786    0.1786    0.1429    0.2500    0.2222    0.2222    0.1481    0.2222    0.2593
%     0.2222    0.2857    0.1786    0.2500    0.1429    0.1481    0.2963    0.1481    0.2222    0.2222
%     0.1111    0.3214    0.1786    0.2143    0.1429    0.1852    0.1852    0.2593    0.2222    0.1481
%     0.1852    0.1071    0.1429    0.3214    0.2857    0.2222    0.1852    0.1111    0.2222    0.1481
%     0.2593    0.1429    0.2143    0.1429    0.1429    0.1481    0.2222    0.1852    0.3704    0.1852
%     0.2593    0.1429    0.2857    0.1429    0.3214    0.1481    0.2222    0.1111    0.1852    0.1852
%     0.1852    0.2143    0.1429    0.2500    0.2857    0.1481    0.2963    0.1481    0.1852    0.1111
%     0.1852    0.2857    0.1071    0.2500    0.2143    0.1852    0.1481    0.1481    0.2222    0.2593
%     0.1852    0.3571    0.1786    0.2143    0.2143    0.1481    0.1111    0.1481    0.1111    0.2593
% 
% 
% e23 =
% 
%     0.3333    0.3214    0.2143    0.2143    0.2857    0.2222    0.3333    0.2222    0.2593    0.2222
%     0.4074    0.2143    0.3214    0.1786    0.2500    0.2593    0.2222    0.2593    0.2963    0.2963
%     0.2593    0.2857    0.2857    0.3214    0.2143    0.2222    0.2222    0.2963    0.3333    0.2963
%     0.2593    0.3929    0.2500    0.2143    0.2500    0.3333    0.1111    0.2222    0.2963    0.2593
%     0.2963    0.1786    0.2857    0.2857    0.3571    0.1852    0.2222    0.2222    0.3333    0.2963
%     0.2593    0.2143    0.2500    0.2857    0.2857    0.3333    0.2593    0.2593    0.3704    0.2963
%     0.2593    0.2143    0.3571    0.2143    0.3214    0.2593    0.2222    0.3333    0.2963    0.1852
%     0.2222    0.2857    0.2143    0.2857    0.2857    0.1481    0.3333    0.2593    0.3333    0.2593
%     0.2593    0.3571    0.2143    0.2857    0.2857    0.2593    0.1481    0.2222    0.3333    0.2222
%     0.2222    0.3571    0.2143    0.2500    0.2500    0.3704    0.2222    0.2963    0.2593    0.2963
% 
% 
% h5 =
% 
%   logical
% 
%    0
% 
% 
% p5 =
% 
%     0.9998
% 
% 
% e15 =
% 
%     0.3333    0.3929    0.3571    0.3214    0.3571    0.3333    0.2963    0.2963    0.3333    0.3333
%     0.3333    0.3214    0.3214    0.3214    0.2857    0.2963    0.2593    0.3333    0.2963    0.3333
%     0.3333    0.2857    0.3571    0.3571    0.3571    0.2963    0.3333    0.2963    0.3333    0.2963
%     0.3704    0.3571    0.3929    0.2500    0.2857    0.3333    0.3704    0.2593    0.3333    0.3333
%     0.3704    0.3571    0.2500    0.2857    0.3214    0.3333    0.3333    0.2963    0.2963    0.3704
%     0.2963    0.3214    0.3571    0.2143    0.3571    0.3333    0.2963    0.2963    0.3333    0.3333
%     0.3704    0.2857    0.3571    0.3214    0.3571    0.2963    0.3333    0.2222    0.2963    0.3333
%     0.4074    0.3214    0.3214    0.3214    0.3214    0.2593    0.2963    0.2963    0.4074    0.2593
%     0.2593    0.3214    0.2857    0.3214    0.3571    0.3333    0.3333    0.2222    0.3333    0.2593
%     0.3333    0.3571    0.3214    0.3214    0.3214    0.3333    0.2593    0.2963    0.3333    0.3333
% 
% 
% e25 =
% 
%     0.1852    0.2857    0.2500    0.1429    0.1786    0.1481    0.1852    0.2222    0.1852    0.2222
%     0.1481    0.2500    0.3214    0.1429    0.2143    0.2593    0.2222    0.2593    0.1111    0.1852
%     0.1111    0.3571    0.2500    0.2857    0.1786    0.1111    0.2593    0.0741    0.2222    0.0741
%     0.2222    0.2143    0.2143    0.2143    0.0714    0.2963    0.3333    0.1852    0.1852    0.1481
%     0.0370    0.1786    0.2500    0.2500    0.1429    0.1852    0.2593    0.2222    0.2963    0.2222
%     0.1481    0.1786    0.2500    0.0714    0.1786    0.2222    0.1481    0.3333    0.2963    0.2222
%     0.2222    0.2500    0.3214    0.2500    0.2500    0.1481    0.2222    0.2593    0.0741    0.2222
%     0.2222    0.1786    0.2857    0.1429    0.1429    0.2593    0.2593    0.1852    0.2593    0.1111
%     0.1852    0.2143    0.1429    0.1786    0.2500    0.1852    0.2593    0.2222    0.1481    0.2222
%     0.2593    0.2143    0.1786    0.3571    0.2143    0.2222    0.1111    0.2222    0.2963    0.1852
% 
% 
% h6 =
% 
%   logical
% 
%    0
% 
% 
% p6 =
% 
%     0.9791
% 
% 
% e16 =
% 
%     0.4074    0.3214    0.2857    0.3571    0.3571    0.2963    0.2593    0.3704    0.2593    0.3704
%     0.4074    0.3571    0.3571    0.3571    0.3214    0.3333    0.2963    0.2963    0.3704    0.2963
%     0.3704    0.2857    0.2857    0.3214    0.3214    0.2963    0.3333    0.3333    0.3333    0.3333
%     0.3704    0.3214    0.2500    0.3571    0.3214    0.3333    0.2593    0.2222    0.3333    0.2963
%     0.3333    0.3571    0.3214    0.2857    0.3571    0.3333    0.2963    0.2963    0.2963    0.4074
%     0.2963    0.2857    0.3929    0.3214    0.3214    0.3333    0.2963    0.2963    0.2963    0.3704
%     0.2963    0.3571    0.3571    0.3214    0.3214    0.2963    0.3333    0.3333    0.3333    0.3333
%     0.3333    0.3214    0.3929    0.3214    0.3214    0.3333    0.2593    0.2222    0.4074    0.3333
%     0.2963    0.3571    0.3571    0.3214    0.2857    0.2593    0.3333    0.3333    0.2963    0.4074
%     0.3704    0.3214    0.2857    0.3214    0.2857    0.3333    0.2963    0.3333    0.2593    0.3333
% 
% 
% e26 =
% 
%     0.3704    0.3214    0.2857    0.1786    0.1429    0.2963    0.1481    0.2222    0.2963    0.2593
%     0.4074    0.1786    0.1786    0.2500    0.2143    0.1852    0.2593    0.3333    0.2222    0.2593
%     0.2222    0.1071    0.1786    0.2857    0.3214    0.2222    0.2593    0.4074    0.3704    0.2963
%     0.1852    0.1786    0.3929    0.2857    0.3571    0.1481    0.2222    0.3333    0.2963    0.2963
%     0.2963    0.4643    0.1786    0.1786    0.3571    0.1852    0.2222    0.1852    0.2963    0.2222
%     0.3704    0.2500    0.2857    0.2143    0.1786    0.2963    0.2593    0.1481    0.3704    0.2963
%     0.1852    0.1786    0.2857    0.3571    0.2500    0.1481    0.3333    0.2963    0.2593    0.3333
%     0.2222    0.1786    0.2500    0.2143    0.3571    0.4444    0.1481    0.2593    0.1852    0.5185
%     0.3704    0.2857    0.3214    0.3929    0.2143    0.2593    0.1481    0.1852    0.2963    0.1481
%     0.2593    0.2500    0.2500    0.1429    0.2500    0.2963    0.2963    0.1111    0.1481    0.3704
% 
% 
% h7 =
% 
%   logical
% 
%    0
% 
% 
% p7 =
% 
%     0.9900
% 
% 
% e17 =
% 
%     0.3333    0.3214    0.2857    0.3214    0.3571    0.2963    0.2593    0.2963    0.2963    0.3704
%     0.3333    0.2857    0.2857    0.3571    0.3214    0.2593    0.2963    0.2963    0.3704    0.3704
%     0.3333    0.3214    0.3571    0.2857    0.2857    0.2963    0.2963    0.2593    0.3333    0.3704
%     0.2593    0.3571    0.2857    0.3571    0.3929    0.3333    0.2222    0.3704    0.3333    0.3333
%     0.1852    0.3571    0.2857    0.3214    0.3214    0.3704    0.3333    0.2963    0.4074    0.2963
%     0.2963    0.2500    0.2500    0.3214    0.3214    0.3704    0.2963    0.2963    0.3333    0.4074
%     0.4074    0.3214    0.3214    0.2857    0.3214    0.2593    0.3333    0.2593    0.3333    0.3704
%     0.3333    0.3214    0.3214    0.3571    0.2857    0.2593    0.2593    0.3333    0.3704    0.3333
%     0.3333    0.3214    0.2500    0.3214    0.2857    0.3704    0.3333    0.3333    0.2963    0.3333
%     0.3704    0.3929    0.3214    0.3571    0.3571    0.2963    0.2963    0.3333    0.3333    0.2593
% 
% 
% e27 =
% 
%     0.2963    0.2143    0.2143    0.2500    0.2857    0.2963    0.3704    0.2963    0.1852    0.2963
%     0.1852    0.3214    0.2143    0.2500    0.2500    0.1852    0.2963    0.2963    0.3333    0.2222
%     0.2593    0.2500    0.2500    0.3214    0.1786    0.2593    0.2593    0.1852    0.3704    0.2593
%     0.2963    0.2500    0.2500    0.2143    0.3214    0.1852    0.2593    0.3333    0.2593    0.3704
%     0.1852    0.2857    0.2857    0.1786    0.3571    0.3704    0.3333    0.2593    0.2222    0.2963
%     0.2963    0.2857    0.1786    0.2500    0.3929    0.3333    0.2222    0.2222    0.2222    0.3333
%     0.2963    0.1786    0.2500    0.3214    0.2500    0.2222    0.4074    0.2593    0.2222    0.2593
%     0.1481    0.3214    0.2857    0.2857    0.3929    0.2593    0.2222    0.2593    0.3333    0.2222
%     0.1852    0.2857    0.2500    0.2857    0.2857    0.2963    0.2963    0.2963    0.2593    0.2593
%     0.2963    0.2143    0.2857    0.2857    0.2143    0.2222    0.1852    0.3333    0.2963    0.2222
% 
% 
% h8 =
% 
%   logical
% 
%    0
% 
% 
% p8 =
% 
%     0.9629
% 
% 
% e18 =
% 
%     0.2963    0.2500    0.1786    0.1429    0.1786    0.2593    0.2222    0.2222    0.2963    0.4074
%     0.2593    0.2143    0.3929    0.3571    0.1786    0.1111    0.2963    0.2963    0.1481    0.1852
%     0.3704    0.1786    0.2143    0.2143    0.3214    0.2963    0.2222    0.2222    0.1852    0.2963
%     0.1481    0.2857    0.2143    0.1786    0.1786    0.2963    0.2963    0.2963    0.2963    0.4074
%     0.2222    0.2857    0.2143    0.2143    0.3571    0.2593    0.1111    0.2963    0.2222    0.4444
%     0.2963    0.2500    0.4286    0.2500    0.2500    0.2222    0.1481    0.1852    0.2222    0.2593
%     0.1481    0.2500    0.2500    0.1071    0.3929    0.3704    0.3333    0.2593    0.4444    0.2222
%     0.4074    0.3571    0.2500    0.3214    0.2500    0.1852    0.2222    0.2593    0.1111    0.2222
%     0.2222    0.2500    0.2143    0.1786    0.2857    0.2222    0.2593    0.2963    0.2222    0.2963
%     0.2593    0.3571    0.1786    0.1429    0.3214    0.1852    0.2963    0.2593    0.2593    0.3704
% 
% 
% e28 =
% 
%     0.1111    0.1786    0.2143    0.1786    0.1786    0.2593    0.2222    0.1111    0.1852    0.2963
%     0.3333    0.0357    0.2857    0.1786    0.3214    0.1481    0.3333    0.0741    0.1852    0.2222
%     0.2593    0.1429    0.2857    0.1786    0.1786    0.2222    0.1852    0.2222    0.2963    0.1852
%     0.1481    0.2143    0.1786    0.1429    0.2500    0.1852    0.1481    0.2593    0.2963    0.2593
%     0.1481    0.2143    0.1071    0.2143    0.3214    0.2593    0.1111    0.2593    0.1481    0.2593
%     0.2963    0.1429    0.2857    0.2500    0.2143    0.1481    0.2222    0.2222    0.2222    0.1481
%     0.1111    0.2143    0.1786    0.1429    0.1429    0.2593    0.2222    0.2963    0.1852    0.1481
%     0.2963    0.1786    0.1786    0.1429    0.2143    0.2593    0.2222    0.1852    0.1481    0.2222
%     0.1481    0.2143    0.3571    0.1786    0.2857    0.2593    0.1111    0.1852    0.1111    0.1481
%     0.3333    0.3214    0.0714    0.1071    0.1071    0.1852    0.1852    0.2593    0.2963    0.1852
% 
% 
% h9 =
% 
%   logical
% 
%    1
% 
% 
% p9 =
% 
%     0.0108
% 
% 
% e19 =
% 
%     0.1852    0.1786    0.3571    0.1786    0.3929    0.4074    0.2963    0.2593    0.1852    0.1481
%     0.1852    0.2143    0.3929    0.2143    0.2500    0.1852    0.1481    0.2593    0.3704    0.2963
%     0.2593    0.1429    0.1071    0.1429    0.2143    0.2963    0.1852    0.3704    0.2593    0.3704
%     0.1852    0.2857    0.2857    0.2143    0.2857    0.2593    0.3333    0.4074    0.1852    0.2222
%     0.2963    0.2500    0.3929    0.3571    0.2857    0.2222    0.1111    0.2593    0.0370    0.2963
%     0.2222    0.2500    0.2857    0.1071    0.2857    0.1852    0.2963    0.2222    0.3704    0.2222
%     0.2593    0.3571    0.2857    0.2143    0.2500    0.1111    0.2593    0.2963    0.2593    0.2593
%     0.1481    0.2857    0.3571    0.3571    0.1786    0.1111    0.1852    0.2593    0.2593    0.2963
%     0.2593    0.2143    0.2500    0.3214    0.2857    0.1481    0.3704    0.2593    0.1852    0.2222
%     0.2222    0.3929    0.2500    0.2143    0.2143    0.1111    0.2593    0.2593    0.4074    0.1852
% 
% 
% e29 =
% 
%     0.2593    0.3214    0.3571    0.3214    0.3214    0.3333    0.3333    0.3333    0.3333    0.2963
%     0.3333    0.2857    0.3214    0.2857    0.3214    0.3333    0.2963    0.3333    0.3704    0.3704
%     0.2963    0.3571    0.3214    0.3571    0.2500    0.2593    0.3333    0.3333    0.3704    0.2963
%     0.3333    0.2500    0.2857    0.3214    0.3571    0.3333    0.2963    0.2963    0.2963    0.3704
%     0.3333    0.2857    0.2857    0.3214    0.3571    0.3333    0.2963    0.2963    0.2963    0.3333
%     0.3333    0.3571    0.2500    0.2857    0.3571    0.2963    0.3333    0.2963    0.3333    0.3333
%     0.2963    0.3571    0.3571    0.3214    0.2857    0.3333    0.2222    0.2963    0.3704    0.2963
%     0.2963    0.2857    0.2500    0.3214    0.3571    0.3333    0.2593    0.3704    0.3704    0.2593
%     0.3333    0.2857    0.3571    0.3571    0.3214    0.2963    0.3333    0.3704    0.3333    0.3704
%     0.3333    0.3571    0.3571    0.3214    0.3571    0.3333    0.2963    0.2593    0.3704    0.2963
% 
% 
% h10 =
% 
%   logical
% 
%    0
% 
% 
% p10 =
% 
%     0.3331
% 
% 
% e110 =
% 
%     0.2222    0.4643    0.3929    0.2500    0.2143    0.1481    0.2593    0.1111    0.2593    0.2222
%     0.2593    0.1786    0.3571    0.2500    0.2857    0.1481    0.3333    0.2593    0.2222    0.2222
%     0.2222    0.2143    0.1786    0.2143    0.3571    0.3333    0.3704    0.2222    0.2222    0.3333
%     0.2593    0.3214    0.2857    0.4286    0.2500    0.1111    0.3333    0.2593    0.1852    0.1481
%     0.2222    0.2500    0.2500    0.4286    0.2857    0.2963    0.2593    0.2222    0.2222    0.1481
%     0.2963    0.2143    0.2857    0.3214    0.1786    0.3333    0.1852    0.1111    0.1852    0.3704
%     0.3333    0.3214    0.3929    0.2143    0.3214    0.1111    0.2963    0.2593    0.2593    0.1852
%     0.1852    0.2857    0.2143    0.2857    0.2143    0.1481    0.2963    0.1852    0.2222    0.2222
%     0.1852    0.1786    0.1786    0.3929    0.1429    0.1852    0.2963    0.2593    0.4815    0.3704
%     0.1852    0.2500    0.3214    0.3214    0.2857    0.2222    0.1852    0.2222    0.2963    0.1481
% 
% 
% e210 =
% 
%     0.3333    0.2857    0.3571    0.2857    0.1429    0.2222    0.2222    0.1852    0.3333    0.2963
%     0.3333    0.2500    0.2500    0.1786    0.2500    0.2222    0.2222    0.3704    0.2593    0.1852
%     0.1852    0.1071    0.2857    0.2857    0.3214    0.2222    0.3704    0.2222    0.2963    0.2963
%     0.2593    0.3214    0.3214    0.2500    0.2857    0.2222    0.2593    0.1852    0.3333    0.2593
%     0.2593    0.3571    0.2857    0.3214    0.2857    0.2222    0.2593    0.1852    0.2593    0.2593
%     0.2963    0.2500    0.3214    0.3214    0.2143    0.2963    0.2963    0.2593    0.2963    0.1852
%     0.2963    0.3214    0.3214    0.2500    0.2143    0.1481    0.3333    0.2222    0.2963    0.1481
%     0.2963    0.2143    0.2500    0.2857    0.3214    0.1481    0.3333    0.2593    0.2222    0.3333
%     0.2593    0.2857    0.2143    0.3571    0.3571    0.1852    0.1852    0.2963    0.3333    0.2963
%     0.2963    0.2857    0.3214    0.3214    0.3571    0.1481    0.1111    0.1852    0.2963    0.2963
% 
% 
% h11 =
% 
%   logical
% 
%    0
% 
% 
% p11 =
% 
%     0.9955
% 
% 
% e111 =
% 
%     0.2963    0.2500    0.3214    0.3571    0.1786    0.2222    0.2963    0.1852    0.2963    0.3333
%     0.2963    0.2857    0.2143    0.2500    0.2143    0.2222    0.2593    0.2222    0.2593    0.3704
%     0.2593    0.2143    0.3214    0.2857    0.2857    0.2593    0.1852    0.2593    0.2963    0.3704
%     0.1481    0.1786    0.3571    0.2857    0.2857    0.2963    0.2222    0.2963    0.4074    0.3333
%     0.2222    0.2857    0.2500    0.3214    0.2857    0.2222    0.2963    0.1852    0.2593    0.3704
%     0.3333    0.3571    0.3214    0.1786    0.3929    0.1481    0.1481    0.2593    0.3333    0.1852
%     0.3333    0.3214    0.2857    0.2500    0.2857    0.2593    0.1852    0.2593    0.2963    0.3704
%     0.2963    0.2857    0.3214    0.2143    0.1429    0.2963    0.2963    0.2222    0.2593    0.3333
%     0.3704    0.2857    0.3214    0.3571    0.1786    0.2593    0.1481    0.2963    0.2593    0.2593
%     0.2593    0.3214    0.2857    0.2500    0.3214    0.2222    0.2593    0.2222    0.1852    0.2593
% 
% 
% e211 =
% 
%     0.2963    0.1429    0.3214    0.1071    0.2143    0.1481    0.1481    0.2222    0.1481    0.2963
%     0.1852    0.2500    0.1786    0.1786    0.1071    0.2222    0.2963    0.1481    0.1852    0.2593
%     0.1852    0.1071    0.2143    0.3214    0.2500    0.2963    0.1481    0.1852    0.1852    0.1481
%     0.1852    0.1429    0.2143    0.1786    0.2143    0.1481    0.2222    0.2593    0.1852    0.2593
%     0.2222    0.2857    0.2500    0.2857    0.2143    0.1111    0.1852    0.2222    0.1481    0.1852
%     0.0741    0.2857    0.2857    0.1429    0.2857    0.1481    0.1481    0.2593    0.2222    0.1481
%     0.2963    0.2500    0.1429    0.1786    0.1071    0.2963    0.1481    0.1852    0.2963    0.1852
%     0.2593    0.2143    0.2500    0.1071    0.1429    0.1852    0.2222    0.2593    0.1852    0.1481
%     0.2593    0.2500    0.2143    0.3571    0.1429    0.2593    0.1481    0.0741    0.1481    0.2222
%     0.2222    0.1429    0.2857    0.2143    0.2143    0.2222    0.1111    0.2222    0.1481    0.1481
% 
% 
% h12 =
% 
%   logical
% 
%    1
% 
% 
% p12 =
% 
%     0.0102
% 
% 
% e112 =
% 
%     0.2222    0.1786    0.3214    0.2143    0.2857    0.2963    0.2222    0.3704    0.3333    0.2963
%     0.2963    0.3214    0.3929    0.3571    0.2857    0.1852    0.2963    0.2222    0.1852    0.2963
%     0.2963    0.2500    0.3214    0.2143    0.2857    0.2963    0.1481    0.1481    0.3333    0.2593
%     0.2593    0.2143    0.2143    0.2857    0.2500    0.2593    0.2593    0.2222    0.2593    0.3333
%     0.3704    0.2143    0.1786    0.1786    0.2857    0.2593    0.2963    0.2963    0.3333    0.2222
%     0.3333    0.2500    0.2857    0.2143    0.3214    0.2593    0.1852    0.1481    0.2963    0.4444
%     0.2593    0.2500    0.2500    0.2500    0.2857    0.1852    0.2222    0.2222    0.2593    0.3333
%     0.2222    0.2857    0.3929    0.2857    0.3214    0.2593    0.1481    0.1852    0.2593    0.3333
%     0.1852    0.2143    0.2857    0.3214    0.1786    0.1852    0.2963    0.3333    0.3333    0.3333
%     0.2222    0.2143    0.2500    0.2857    0.3214    0.1481    0.2593    0.2963    0.3333    0.3333
% 
% 
% e212 =
% 
%     0.3333    0.3929    0.3214    0.2857    0.3571    0.2963    0.3333    0.2963    0.3333    0.2593
%     0.3704    0.3214    0.3929    0.3214    0.2500    0.2593    0.2963    0.2963    0.3333    0.3333
%     0.3704    0.3929    0.3571    0.2857    0.2143    0.3333    0.3333    0.2963    0.4074    0.2963
%     0.3704    0.3214    0.2857    0.3571    0.2500    0.2963    0.2963    0.2593    0.3704    0.2963
%     0.3704    0.2500    0.3571    0.2857    0.3214    0.3333    0.2963    0.3333    0.3704    0.3333
%     0.3704    0.3214    0.3571    0.3214    0.3571    0.2963    0.2963    0.2963    0.3704    0.2963
%     0.3333    0.3214    0.3214    0.2500    0.3929    0.2963    0.3333    0.2963    0.3333    0.3333
%     0.3704    0.2857    0.3571    0.3214    0.2857    0.3333    0.3333    0.2222    0.3333    0.3333
%     0.3704    0.3214    0.2857    0.2500    0.3929    0.2963    0.3333    0.3333    0.3704    0.3704
%     0.3704    0.3214    0.3571    0.3571    0.2857    0.2593    0.2593    0.2963    0.3333    0.2963
% 
% 
% h13 =
% 
%   logical
% 
%    0
% 
% 
% p13 =
% 
%     0.7411
% 
% 
% e113 =
% 
%     0.2963    0.3571    0.1786    0.2857    0.2143    0.2593    0.2963    0.3333    0.2963    0.2222
%     0.3704    0.1786    0.3571    0.2500    0.2857    0.2593    0.2593    0.3333    0.2222    0.1852
%     0.2593    0.3571    0.2500    0.2857    0.2500    0.2593    0.1852    0.1852    0.3333    0.2222
%     0.2222    0.2857    0.2857    0.3214    0.1786    0.1852    0.2593    0.2593    0.3333    0.3704
%     0.2593    0.2500    0.3214    0.2500    0.2500    0.3704    0.1852    0.3333    0.2593    0.2963
%     0.2963    0.3571    0.2857    0.2500    0.3571    0.2222    0.1481    0.1481    0.1481    0.3333
%     0.2593    0.2857    0.2500    0.1786    0.3214    0.2963    0.2963    0.1852    0.2222    0.2593
%     0.3704    0.2500    0.2500    0.2143    0.2857    0.2222    0.2593    0.2963    0.3704    0.2222
%     0.2593    0.2143    0.1786    0.3214    0.2857    0.2593    0.1852    0.2222    0.2963    0.3333
%     0.2593    0.2500    0.2857    0.2500    0.2500    0.2963    0.1852    0.2222    0.1852    0.2963
% 
% 
% e213 =
% 
%     0.2222    0.1786    0.2857    0.2857    0.3214    0.3704    0.1852    0.2222    0.2222    0.1852
%     0.2963    0.1786    0.3214    0.3214    0.3214    0.2222    0.1111    0.2222    0.2593    0.1111
%     0.1111    0.3929    0.2143    0.3214    0.3571    0.1852    0.2222    0.1852    0.3704    0.1852
%     0.2222    0.3214    0.2500    0.2500    0.1786    0.2593    0.2593    0.3704    0.2963    0.3333
%     0.1852    0.2143    0.2857    0.2143    0.1786    0.4074    0.2593    0.2593    0.3333    0.3333
%     0.1481    0.3571    0.2500    0.2143    0.3571    0.2222    0.2222    0.2222    0.1852    0.2963
%     0.2593    0.1429    0.2143    0.1071    0.2500    0.2963    0.2593    0.2222    0.2963    0.2593
%     0.1852    0.1786    0.2500    0.2143    0.2857    0.2222    0.2593    0.4074    0.2593    0.2963
%     0.3333    0.1429    0.2857    0.1071    0.2500    0.3704    0.2222    0.1481    0.1852    0.2963
%     0.2593    0.2857    0.1429    0.1786    0.2500    0.2963    0.2593    0.1852    0.2593    0.2963
% 
% 
% pvalues =
% 
%          0    0.0001    0.0532    0.0034
%     0.9998         0    0.9791    0.9900
%     0.9629    0.0108         0    0.3331
%     0.9955    0.0102    0.7411         0
% 
% 
% hresults =
% 
%      0     1     0     1
%      0     0     0     0
%      0     1     0     0
%      0     1     0     0
